0309532497
0300954529
0300954529
0300954529
3700593368
0303216329
0304531080
0309532497
0309532497
0302199712
0311603949
0308244383
0309532497
0303216329
0304138930
0300951119028
0309807656
0304434633
0100111948058
0100111948058
0100111948058
0100111948058
0100111948058
0100111948058
0100111948058
0100111948058
0100111948058
0100111948058
0311041513
0312604663
0311041513
0312170487
0312604663
0312604663
0311041513

0305111427
0309532497
0300954529
0300954529
0300954529
0309532497
3700593368
0303216329
0309532497
0300514849
0302199712
0300951119-028
0309532497
0304434633
0309807656
0303216329
0100111948-058
0100111948-058
0100111948-058
0100111948-058
0100111948-058
0100111948-058
0100111948-058
0100111948-058
0100111948-058
0100111948-058
0312170487
0312170487
0312604663
0312170487
0100111948-058

0300954529
0304531080
0300954529
0300954529
3700593368
0302199712
0303216329
0312170487
0305605585
0310861633
0312628590
0300951119-028
0309807656
0304434633

3700593368
0309532497
0301446461
0302199712
0300954529
0300954529
0300954529
0309532497
0303216329
0300951119-028
0303216329
0304434633
0309807656

0310441043
0300954529
0300954529
0300954529
0308244383
0302199712
3700593368
0303216329
0311742893
0300951119-028
0303216329
0309532497

0304531080
0310441043
0302199712
0300954529
0300954529
0300954529
3700593368
0304434633
0309807656
0300951119-028
0310441043

0300951119-028
0302199712
0308244383
0300954529
0300954529
0300954529
3700593368
0302486160
0311503239
0304667067
0303216329
0300514849
0300951119-028
0309120630
0309807656

0309788756
0310441043
0309402145
0305111427
0302199712
0300954529
0300954529
0300954529
3700593368
0308244383
0309807656
0300951119-028

310441043
303216329
300514849
309788756
312628590
302199712
300954529
300954529
300954529
3700593368
303216329
300514849
309532497
312604663
309788756
303501774
303216329
300514849
309788756
304138930
309532497
312604663
0300951119-028
311041513
304434633
309807656
300514849
303216329

310441043
300645369
304531080
309532497
312604663
311041513
3700593368
0100111948-058
300954529
300954529
300954529
303501774
0100111948-058
302199712
311041513
0100111948-058
0100111948-058
0100111948-058
309532497
312604663
304763437
303216329
300514849
300645369
304138930
312604663
311041513
311041513
0100111948-058
309532497
0100111948-058
0300951119-028
0100111948-058

309807656
303216329
300514849
310441043
0100111948-058
0100111948-058
0100111948-058
300645369
312604663
303501774
300954529
300954529
300954529
3700593368
0100111948-058
309532497
302199712
303216329
300514849
309532497
0100111948-058
0100111948-058
0100111948-058
309532497
312604663
0100111948-058
0100111948-058
0100111948-058
0100111948-058
0300951119-028
303217354
303217354
304434633
309532497

312604663
0100111948-058
311041513
309807656
300514849
303216329
309788756
0100111948-058
311041513
309532497
300954529
300954529
300954529
304531080
3700593368
0100111948-058
0100111948-058
300514849
303216329
302199712
303501774
300645369
304138930
0100111948-058
0100111948-058
312604663
311041513
309532497
0100111948-058
0100111948-058
0100111948-058
0100111948-058
101300842
300514849
303216329
0300951119-028
312604663
311041513
309532497
0100111948-058
304434633